1 0.3412250554323726 0.7572062084257203 0.051017397236909595 0.2195121951219513
1 0.4687685485246456 0.7743902439024388 0.05027801466825855 0.26940133037693975
1 0.7201586218659389 0.7034368070953437 0.03696912843254296 0.1762749445676274
1 0.7464067030530446 0.6840354767184036 0.024399624765478335 0.13082039911308194
1 0.7900302746034452 0.7062084257206209 0.03475098072659037 0.15299334811529924
1 0.8325447723008699 0.7084257206208426 0.0340115981579396 0.1840354767184035
1 0.8757986525669453 0.707871396895787 0.04362357155040087 0.1917960088691796
1 0.9205312979703223 0.7067627494456762 0.029575302746034565 0.1407982261640799
0 0.9619367218147704 0.7117516629711755 0.04436295411905109 0.14412416851441195
0 0.2761593893910967 0.6674057649667406 0.12495565410199556 0.11529933481153001
0 0.16192478253453862 0.6480044345898004 0.07393825686508614 0.07427937915742795
0 0.4085088691796009 0.6491130820399112 0.09390158621865936 0.07206208425720625
0 0.45767780999488317 0.6335920177383592 0.05767184035476717 0.03880266075388029
0 0.6074027801466826 0.6452328159645233 0.09538035135596097 0.0576496674057649
1 0.6310630223435101 0.6967849223946785 0.030314685314685192 0.14523281596452328
1 0.607772471431008 0.6890243902439025 0.025139007334129316 0.12305986696230611
