0 0.42697458791208787 0.38667582417582425 0.13073489010989015 0.179945054945055
0 0.50207760989011 0.4251373626373627 0.16411401098901102 0.09203296703296701
0 0.43439217032967037 0.5336538461538463 0.16782280219780213 0.1744505494505495
0 0.5808894230769232 0.5782967032967034 0.18080357142857154 0.25
0 0.14649725274725273 0.40041208791208793 0.12053571428571429 0.12774725274725285
0 0.21789148351648355 0.485576923076923 0.15206043956043963 0.22939560439560455
0 0.8340144230769232 0.38667582417582425 0.11589972527472525 0.1277472527472527
0 0.44598214285714294 0.23214285714285715 0.09828296703296707 0.13461538461538464
1 0.11729052197802198 0.760302197802198 0.08437500000000002 0.37225274725274743
1 0.30412087912087915 0.7877747252747254 0.07788461538461537 0.38324175824175827
1 0.4450549450549451 0.7994505494505496 0.08530219780219789 0.35164835164835184
1 0.5424107142857142 0.7987637362637361 0.05934065934065973 0.35851648351648363
1 0.6161229395604396 0.7857142857142858 0.04728708791208788 0.3626373626373627
