1 0.12561810154525385 0.6887417218543047 0.1436894775570272 0.5880794701986756
1 0.29575349521707134 0.6953642384105959 0.127821927888153 0.5748344370860926
1 0.36759823399558483 0.45430463576158947 0.09696835908756433 0.3496688741721853
1 0.49321633554083877 0.5397350993377483 0.09079764532744662 0.44635761589403977
1 0.5919477557027225 0.5298013245033113 0.08198233995584993 0.4079470198675497
1 0.6655555555555555 0.4947019867549669 0.05112877115526132 0.3298013245033113
1 0.7797137601177334 0.4423841059602649 0.044958057395143525 0.2569536423841059
1 0.7113951434878587 0.4695364238410596 0.04936571008094177 0.2900662251655629
1 0.8625776306107431 0.4158940397350993 0.03790581309786617 0.21192052980132445
1 0.8934311994113319 0.4847682119205298 0.04848417954378235 0.27019867549668874
0 0.13751876379690947 0.38278145695364235 0.19217365710080941 0.15629139072847678
0 0.2926681383370125 0.37086092715231783 0.06875938189845474 0.07682119205298016
